$ 1 0.000005 382.76258214399064 56 5 50 5e-11
165 304 160 416 160 4 4.99095373046807
w 256 80 368 80 0
R 256 80 -16 80 0 0 40 5 0 0 0.5
w 256 288 256 256 0
w 256 256 304 256 0
w 256 288 304 288 0
g 256 384 256 400 0 0
g 400 320 400 336 0 0
w 368 80 432 80 0
w 432 80 432 144 0
c 256 336 256 384 0 0.00009999999999999999 1.4467175057562813 0.001
r 256 80 256 208 0 47000
w 256 288 256 336 0
w 176 384 256 384 0
r 176 256 256 256 0 10
t 80 304 128 304 0 1 -1.3410691704075328 0.10564833526045174 100 default
w 176 256 128 256 0
w 128 256 128 288 0
w 128 320 128 384 0
w 176 384 128 384 0
r 16 304 80 304 0 330
c 16 304 -48 304 0 1.0000000000000001e-7 5.105648334804525 0.001
d 16 384 16 304 2 default
w 128 384 16 384 0
R -96 240 -128 240 0 2 2 5 0 0 0.5
p 176 304 176 352 3 0 0
w 256 288 176 288 0
w 176 288 176 304 0
w 176 352 176 384 0
S -48 304 -96 304 0 1 false 0 2
S -128 352 -192 352 0 0 false 0 2
w -96 320 -128 320 0
w -128 320 -128 352 0
g -192 368 -192 400 0 0
R -192 336 -192 304 0 0 40 5 0 0 0.5
w 16 384 -48 384 0
w -96 240 -96 288 0
r 448 224 528 224 0 470
t 544 224 592 224 0 1 0.6438367936414102 0.7392070504610956 100 default
w 432 224 448 224 0
w 528 224 544 224 0
178 624 112 624 176 6 1 0.2 0.24523148715898802 0.05 1000000 0.02 20 0.015 0.005 1
w 256 208 256 256 0
w 368 128 368 80 0
w 432 144 432 192 0
w 432 80 592 80 0
w 592 80 592 112 0
w 592 208 592 176 0
w 592 240 592 304 0
g 592 304 592 352 0 0
216 688 112 688 192 0 0.01
w 624 112 624 80 0
w 624 80 688 80 0
w 688 80 688 112 0
w 608 176 608 208 0
w 608 208 688 208 0
w 688 208 688 192 0
